image size
[640 x 480]
cameraMatrix_L
[625.05455412295, 0, 315.3066804096641;
 0, 624.7190241882291, 246.9397728366889;
 0, 0, 1]
cameraMatrix_R
[652.2699945461507, 0, 306.3028917790027;
 0, 652.4588084419013, 240.0563553713745;
 0, 0, 1]
distCoeffs_L
[0.2073495268137751, -0.9565647990167742, -0.0006334352950518676, -0.002947852551803939, 1.038757206052493]
distCoeffs_R
[0.1258286193715769, 0.1422194702359919, 0.001004887652449591, -0.007926830190957886, -3.726989903557408]
R
[0.9999602638654839, 0.002452682362296163, 0.008570591537438497;
 -0.00239608623836209, 0.9999752991141763, -0.006607566288133943;
 -0.008586586097528102, 0.006586767852553608, 0.9999414407996332]
T
[-114.4105688488336;
 0.2361309883354231;
 20.89703502569034]
E
[0.0480435389859907, -20.89496351041116, 0.3741957048512701;
 19.9138084584079, 0.8048496461176643, 114.582969008957;
 0.03801598413916141, -114.4083219607457, 0.7539516354814256]
F
[3.30048845924093e-08, -1.436210299787428e-05, 0.003696847097996336;
 1.367640191728679e-05, 5.530513788450048e-07, 0.0447387565043217;
 -0.003276181897234874, -0.04702700380266486, 1]
