R1：
[0.9852322148428432, -0.000800975335218592, -0.171221614506983;
 0.0002184575749496251, 0.9999941246992712, -0.003420941862494537;
 0.1712233486185616, 0.003333017469349933, 0.9852266012864226]
R2：
[0.9837236304646255, -0.002030298734179284, -0.1796766449835559;
 0.002641797350965525, 0.9999915046155078, 0.003164111813667993;
 0.1796686944691624, -0.003587280845285427, 0.9837206369919682]
P1：
[624.7190241882291, 0, 451.3847389221191, 0;
 0, 624.7190241882291, 243.66774559021, 0;
 0, 0, 1, 0]
P2：
[624.7190241882291, 0, 420.5487480163574, -72657.05195503456;
 0, 624.7190241882291, 243.66774559021, 0;
 0, 0, 1, 0]
Q：
[1, 0, 0, -451.3847389221191;
 0, 1, 0, -243.66774559021;
 0, 0, 0, 624.7190241882291;
 0, 0, 0.008598188439779397, -0.265133660535063]
